TeXUniCode<- structure(c("\\u0021", "\\u0023", "\\u0024", "\\u0025", "\\u0026",  "\\u0028", "\\u0029", "\\u002A", "\\u002B", "\\u002C", "\\u002E",  "\\u002F", "\\u0030", "\\u0031", "\\u0032", "\\u0033", "\\u0034",  "\\u0035", "\\u0036", "\\u0037", "\\u0038", "\\u0039", "\\u003A",  "\\u003B", "\\u003C", "\\u003D", "\\u003E", "\\u003F", "\\u0040",  "\\u0041", "\\u0042", "\\u0043", "\\u0044", "\\u0045", "\\u0046",  "\\u0047", "\\u0048", "\\u0049", "\\u004A", "\\u004B", "\\u004C",  "\\u004D", "\\u004E", "\\u004F", "\\u0050", "\\u0051", "\\u0052",  "\\u0053", "\\u0054", "\\u0055", "\\u0056", "\\u0057", "\\u0058",  "\\u0059", "\\u005A", "\\u005B", "\\u005C", "\\u005D", "\\u005E",  "\\u005F", "\\u0061", "\\u0062", "\\u0063", "\\u0064", "\\u0065",  "\\u0066", "\\u0067", "\\u0068", "\\u0069", "\\u006A", "\\u006B",  "\\u006C", "\\u006D", "\\u006E", "\\u006F", "\\u0070", "\\u0071",  "\\u0072", "\\u0073", "\\u0074", "\\u0075", "\\u0076", "\\u0077",  "\\u0078", "\\u0079", "\\u007A", "\\u007B", "\\u007C", "\\u007D",  "\\u007E", "\\u00A0", "\\u00A2", "\\u00A3", "\\u00A5", "\\u00AC",  "\\u00AE", "\\u00B1", "\\u00B5", "\\u00D7", "\\u00F0", "\\u00F7",  "\\u0131", "\\u0237", "\\u0300", "\\u0301", "\\u0302", "\\u0303",  "\\u0304", "\\u0305", "\\u0306", "\\u0307", "\\u0308", "\\u030A",  "\\u030C", "\\u0330", "\\u0331", "\\u0332", "\\u0338", "\\u0393",  "\\u0394", "\\u0398", "\\u039B", "\\u039E", "\\u03A0", "\\u03A3",  "\\u03A5", "\\u03A6", "\\u03A8", "\\u03A9", "\\u03B1", "\\u03B2",  "\\u03B3", "\\u03B4", "\\u03B5", "\\u03B6", "\\u03B7", "\\u03B8",  "\\u03B9", "\\u03BA", "\\u03BB", "\\u03BC", "\\u03BD", "\\u03BE",  "\\u03C0", "\\u03C1", "\\u03C2", "\\u03C3", "\\u03C4", "\\u03C5",  "\\u03C6", "\\u03C7", "\\u03C8", "\\u03C9", "\\u03D0", "\\u03D1",  "\\u03D5", "\\u03D6", "\\u03D8", "\\u03D9", "\\u03DA", "\\u03DB",  "\\u03DC", "\\u03DE", "\\u03DF", "\\u03E0", "\\u03E1", "\\u03F1",  "\\u03F5", "\\u03F6", "\\u2001", "\\u2016", "\\u2020", "\\u2021",  "\\u2026", "\\u2032", "\\u2033", "\\u2034", "\\u2035", "\\u2040",  "\\u2057", "\\u205F", "\\u20D0", "\\u20D1", "\\u20D6", "\\u20DB",  "\\u20DC", "\\u20E1", "\\u20EE", "\\u20EF", "\\u2102", "\\u2107",  "\\u210A", "\\u210B", "\\u210C", "\\u210D", "\\u210F", "\\u2110",  "\\u2111", "\\u2112", "\\u2113", "\\u2115", "\\u2118", "\\u2119",  "\\u211A", "\\u211B", "\\u211C", "\\u211D", "\\u2124", "\\u2126",  "\\u2127", "\\u2128", "\\u212B", "\\u212C", "\\u212D", "\\u212F",  "\\u2130", "\\u2131", "\\u2132", "\\u2133", "\\u2134", "\\u2135",  "\\u2136", "\\u2137", "\\u2138", "\\u213C", "\\u213D", "\\u213E",  "\\u213F", "\\u2140", "\\u2144", "\\u2145", "\\u2146", "\\u2147",  "\\u2148", "\\u2149", "\\u214B", "\\u2190", "\\u2191", "\\u2192",  "\\u2193", "\\u2194", "\\u2195", "\\u2196", "\\u2197", "\\u2198",  "\\u2199", "\\u219A", "\\u219B", "\\u219E", "\\u21A0", "\\u21A2",  "\\u21A3", "\\u21A4", "\\u21A5", "\\u21A6", "\\u21A7", "\\u21A9",  "\\u21AA", "\\u21AB", "\\u21AC", "\\u21AD", "\\u21AE", "\\u21AF",  "\\u21B0", "\\u21B1", "\\u21B2", "\\u21B3", "\\u21B6", "\\u21B7",  "\\u21BA", "\\u21BB", "\\u21BC", "\\u21BD", "\\u21BE", "\\u21BF",  "\\u21C0", "\\u21C1", "\\u21C2", "\\u21C3", "\\u21C4", "\\u21C5",  "\\u21C6", "\\u21C7", "\\u21C8", "\\u21C9", "\\u21CA", "\\u21CB",  "\\u21CC", "\\u21CD", "\\u21CE", "\\u21CF", "\\u21D0", "\\u21D1",  "\\u21D2", "\\u21D3", "\\u21D4", "\\u21D5", "\\u21D6", "\\u21D7",  "\\u21D8", "\\u21D9", "\\u21DA", "\\u21DB", "\\u21DC", "\\u21DD",  "\\u21E0", "\\u21E2", "\\u21E4", "\\u21E5", "\\u21F5", "\\u21F8",  "\\u21FB", "\\u21FD", "\\u21FE", "\\u21FF", "\\u2200", "\\u2201",  "\\u2202", "\\u2203", "\\u2204", "\\u2205", "\\u2207", "\\u2208",  "\\u2209", "\\u220B", "\\u220C", "\\u220F", "\\u2210", "\\u2211",  "\\u2212", "\\u2213", "\\u2214", "\\u2215", "\\u2216", "\\u2217",  "\\u2218", "\\u2219", "\\u221A", "\\u221B", "\\u221C", "\\u221D",  "\\u221E", "\\u221F", "\\u2220", "\\u2221", "\\u2222", "\\u2223",  "\\u2224", "\\u2225", "\\u2226", "\\u2227", "\\u2228", "\\u2229",  "\\u222A", "\\u222B", "\\u222C", "\\u222D", "\\u222E", "\\u222F",  "\\u2230", "\\u2232", "\\u2233", "\\u2234", "\\u2235", "\\u2236",  "\\u2237", "\\u2239", "\\u223C", "\\u223D", "\\u223F", "\\u2240",  "\\u2241", "\\u2242", "\\u2243", "\\u2244", "\\u2245", "\\u2247",  "\\u2248", "\\u2249", "\\u224A", "\\u224D", "\\u224E", "\\u224F",  "\\u2250", "\\u2251", "\\u2252", "\\u2253", "\\u2254", "\\u2256",  "\\u2257", "\\u2259", "\\u225C", "\\u2260", "\\u2261", "\\u2262",  "\\u2264", "\\u2265", "\\u2266", "\\u2267", "\\u2268", "\\u2269",  "\\u226A", "\\u226B", "\\u226C", "\\u226D", "\\u226E", "\\u226F",  "\\u2270", "\\u2271", "\\u2272", "\\u2273", "\\u2274", "\\u2275",  "\\u2276", "\\u2277", "\\u2279", "\\u227A", "\\u227B", "\\u227C",  "\\u227D", "\\u227E", "\\u227F", "\\u2280", "\\u2281", "\\u2282",  "\\u2283", "\\u2284", "\\u2285", "\\u2286", "\\u2287", "\\u2288",  "\\u2289", "\\u228A", "\\u228B", "\\u228E", "\\u228F", "\\u2290",  "\\u2291", "\\u2292", "\\u2293", "\\u2294", "\\u2295", "\\u2296",  "\\u2297", "\\u2298", "\\u2299", "\\u229A", "\\u229B", "\\u229D",  "\\u229E", "\\u229F", "\\u22A0", "\\u22A1", "\\u22A2", "\\u22A3",  "\\u22A4", "\\u22A5", "\\u22A7", "\\u22A8", "\\u22A9", "\\u22AA",  "\\u22AB", "\\u22AC", "\\u22AD", "\\u22AE", "\\u22AF", "\\u22B2",  "\\u22B3", "\\u22B4", "\\u22B5", "\\u22B6", "\\u22B7", "\\u22B8",  "\\u22BA", "\\u22BB", "\\u22BC", "\\u22C0", "\\u22C1", "\\u22C2",  "\\u22C3", "\\u22C4", "\\u22C5", "\\u22C6", "\\u22C7", "\\u22C8",  "\\u22C9", "\\u22CA", "\\u22CB", "\\u22CC", "\\u22CD", "\\u22CE",  "\\u22CF", "\\u22D0", "\\u22D1", "\\u22D2", "\\u22D3", "\\u22D4",  "\\u22D5", "\\u22D6", "\\u22D7", "\\u22D8", "\\u22D9", "\\u22DA",  "\\u22DB", "\\u22DE", "\\u22DF", "\\u22E0", "\\u22E1", "\\u22E2",  "\\u22E3", "\\u22E6", "\\u22E7", "\\u22E8", "\\u22E9", "\\u22EA",  "\\u22EB", "\\u22EC", "\\u22ED", "\\u22EE", "\\u22EF", "\\u22F0",  "\\u22F1", "\\u22F6", "\\u2300", "\\u2308", "\\u2309", "\\u230A",  "\\u230B", "\\u2310", "\\u2311", "\\u231C", "\\u231D", "\\u231E",  "\\u231F", "\\u2322", "\\u2323", "\\u2339", "\\u233F", "\\u2340",  "\\u2347", "\\u2348", "\\u2350", "\\u2357", "\\u235D", "\\u235E",  "\\u235F", "\\u23DC", "\\u23DD", "\\u23DE", "\\u23DF", "\\u25B3",  "\\u25B4", "\\u25B5", "\\u25B6", "\\u25B7", "\\u25B8", "\\u25B9",  "\\u25BD", "\\u25BE", "\\u25BF", "\\u25C0", "\\u25C1", "\\u25C2",  "\\u25C3", "\\u25C6", "\\u25C7", "\\u25CA", "\\u25CB", "\\u25CF",  "\\u25D0", "\\u25D1", "\\u25D6", "\\u25D7", "\\u25EB", "\\u25FB",  "\\u25FC", "\\u2605", "\\u2609", "\\u2610", "\\u2611", "\\u2612",  "\\u2615", "\\u261E", "\\u2620", "\\u2622", "\\u2623", "\\u262F",  "\\u2639", "\\u263A", "\\u263B", "\\u263C", "\\u263D", "\\u263E",  "\\u263F", "\\u2640", "\\u2641", "\\u2642", "\\u2643", "\\u2644",  "\\u2645", "\\u2646", "\\u2647", "\\u2648", "\\u2649", "\\u264A",  "\\u264B", "\\u264C", "\\u264D", "\\u264E", "\\u264F", "\\u2650",  "\\u2651", "\\u2652", "\\u2653", "\\u2660", "\\u2661", "\\u2662",  "\\u2663", "\\u2664", "\\u2665", "\\u2666", "\\u2667", "\\u2669",  "\\u266A", "\\u266B", "\\u266C", "\\u266D", "\\u266E", "\\u266F",  "\\u267B", "\\u2693", "\\u2694", "\\u26A0", "\\u26AA", "\\u26AB",  "\\u270E", "\\u2713", "\\u2717", "\\u2720", "\\u27A2", "\\u27C2",  "\\u27C5", "\\u27C6", "\\u27D0", "\\u27DC", "\\u27E6", "\\u27E7",  "\\u27E8", "\\u27E9", "\\u27EA", "\\u27EB", "\\u27EE", "\\u27EF",  "\\u27F5", "\\u27F6", "\\u27F7", "\\u27F8", "\\u27F9", "\\u27FA",  "\\u27FB", "\\u27FC", "\\u27FD", "\\u27FE", "\\u2900", "\\u2906",  "\\u2907", "\\u2912", "\\u2913", "\\u2914", "\\u2915", "\\u2916",  "\\u2933", "\\u294A", "\\u294B", "\\u294E", "\\u294F", "\\u2950",  "\\u2951", "\\u2952", "\\u2953", "\\u2954", "\\u2955", "\\u2956",  "\\u2957", "\\u2958", "\\u2959", "\\u295A", "\\u295B", "\\u295C",  "\\u295D", "\\u295E", "\\u295F", "\\u2960", "\\u2961", "\\u2962",  "\\u2963", "\\u2964", "\\u2965", "\\u296A", "\\u296B", "\\u296C",  "\\u296D", "\\u296E", "\\u296F", "\\u297C", "\\u297D", "\\u2980",  "\\u2981", "\\u2985", "\\u2986", "\\u2987", "\\u2988", "\\u2989",  "\\u298A", 